100
561.71 726.26
348.3 915.35
6.12 594.33
515.36 872.07
959.06 975.16
169.57 661.57
316.92 528.66
701.34 788.5
74.1 255.3
329.85 574.41
338.05 583.75
30.97 238.23
172 928.6
19.75 966.07
653.67 779.38
336.05 477.79
66.06 342.53
13.88 414.82
841.53 907.32
282.92 651.49
570.63 920.25
7.82 848.1
286.95 560.32
729.57 889.45
1.07 702.41
262.15 452.96
223.71 337.88
872.08 934.19
478.09 717.46
885.47 978.62
336.36 767.76
671.43 702.96
166.91 605.53
66.65 497.87
646.85 768.25
664.75 826.87
144.85 851.44
2.38 533.03
306.11 493.88
97 328.25
413.79 692.36
562.09 625.07
696.35 754.98
461.8 576.12
319.59 777.47
751.59 994.4
582.57 976.28
177.96 397.44
409.26 449.55
142.88 835.43
576.18 633.35
355.61 399.79
153.63 791.8
97.9 492.01
152.86 542.46
739.3 837.9
125.13 619.25
128.95 839.43
115.83 765.73
442.4 802.76
208.26 257.49
66.17 887.78
339.42 347.53
494.35 838.13
843.61 924.28
380.9 798.04
316.84 450.96
277.93 499.61
135.15 197.67
329.12 454.28
546.68 708.33
202.97 881.67
463.64 726
338.08 346.43
954.45 984.93
597.74 770.77
130.48 180.12
55.01 349.87
503.73 760.97
513.93 553.17
430.48 852.66
359.7 423.61
74.69 764.4
134.03 203.85
460.11 956.37
170.77 219.92
395.44 418.81
140.39 453.29
23.94 734.81
558.78 585.35
705.91 841.08
480.89 767.3
443.22 989.64
670.68 913.99
19.54 923.16
419.07 875.36
204.66 790.48
889.79 954.85
353.94 898.19
367.21 988.34
